-1.353182649923057e-13
0.07174943045579601
0.14349685246120855
0.21524226584057168
0.28698567073328135
0.5739392067665354
0.8608606081895089
0.9325859374842288
1.004309258425009
1.0760305708523945
1.1477498751014994
1.219467170674921
-1.0048136754443422
-1.0765932347037066
-1.1483748027848564
-1.2201583791206627
-1.291943963747394
-1.3637315567414394
-1.4355211582488736
-1.507312768319356
2.5101456724121127
2.5818248053508097
251.8521643680652
-140.00264903892045
-212.1869367629607
-1.579106386534678
-1.650902013213766
-1.7226996484558872
-1.7944992918562201
-1.8663009437565725
-1.9381046042333734
-2.0099102728053464
-2.08171795013609
-2.1535276355257453
-2.225339329591114
-2.2971530318977864
-2.368968742780844
126.41132712231325
616.7251341531974
873.094183033815
971.6840656580546
1063.0131285919272
1054.2834518728932
983.7605568474321
1048.916050123353
1043.5535281439206
625.1447234716373
-16.24891332418042
2.0800286991988863
2.1517198825372
2.2234090573258705
-799.8017173330122
1.5063162694806342
1.578023522932004
1.6497287681554413
1.7214320051242384
1.793133233480349
1.8648324536448035
1.9365296650505108
2.0083355075562466
2.2950962236011443
2.366781381635125
2.4384645313781634
241.98241046289286
